3.142093 0.049996
3.142593 0.050044
3.143095 0.050139
3.143597 0.050282
3.144102 0.050473
3.144609 0.050735
3.145120 0.051045
3.145634 0.051403
3.146152 0.051808
3.146675 0.052261
3.147202 0.052762
3.147736 0.053334
3.148275 0.053954
3.148821 0.054622
3.149375 0.055337
3.149936 0.056124
3.150506 0.056958
3.151084 0.057840
3.151672 0.058794
3.152270 0.059795
3.152879 0.060868
3.153498 0.061989
3.154130 0.063181
3.154775 0.064445
3.155432 0.065756
3.156104 0.067139
3.156790 0.068593
3.157491 0.070119
3.158208 0.071716
3.158942 0.073385
3.159693 0.075126
3.160462 0.076938
3.161251 0.078821
3.162058 0.080776
3.162887 0.082827
3.163736 0.084949
3.164608 0.087166
3.165503 0.089478
3.166421 0.091863
3.167365 0.094342
3.168334 0.096917
3.169330 0.099587
3.170353 0.102353
3.171406 0.105238
3.172488 0.108218
3.173601 0.111318
3.174746 0.114512
3.175924 0.117826
3.177137 0.121260
3.178385 0.124812
3.179670 0.128484
3.180993 0.132298
3.182355 0.136232
3.183758 0.140309
3.185204 0.144529
3.186692 0.148892
3.188226 0.153399
3.189807 0.158072
3.191436 0.162888
3.193115 0.167871
3.194845 0.173020
3.196628 0.178337
3.198467 0.183845
3.200362 0.189519
3.202316 0.195384
3.204330 0.201464
3.206408 0.207734
3.208550 0.214219
3.210759 0.220919
3.213037 0.227833
3.215387 0.234962
3.217810 0.242329
3.220310 0.249934
3.222888 0.257802
3.225547 0.265932
3.228290 0.274324
3.231120 0.282979
3.234039 0.291920
3.237051 0.301147
3.240158 0.310683
3.243363 0.320530
3.246670 0.330687
3.250082 0.341177
3.253602 0.352001
3.257233 0.363183
3.260981 0.374722
3.264847 0.386643
3.268836 0.398946
3.272953 0.411630
3.277200 0.424719
3.281582 0.438237
3.286104 0.452185
3.290770 0.466585
3.295584 0.481439
3.300552 0.496769
3.305678 0.512600
3.310967 0.528932
3.316425 0.545788
3.322057 0.563192
3.327869 0.581145
3.333865 0.599670
3.340053 0.618768
3.346438 0.638485
3.353026 0.658822
3.359824 0.679803
3.366839 0.701451
3.374077 0.723791
3.381545 0.746822
3.389251 0.770593
3.397202 0.795102
3.405406 0.820374
3.413870 0.846457
3.422604 0.873351
3.431614 0.901079
3.440911 0.929666
3.450503 0.959158
3.460398 0.989556
3.470607 1.020908
3.481139 1.053214
3.492005 1.086521
3.503213 1.120853
3.514776 1.156235
3.526702 1.192689
3.539005 1.230264
3.551695 1.268959
3.564783 1.308823
3.578282 1.349878
3.592203 1.392174
3.606561 1.435733
3.621367 1.480579
3.636634 1.526737
3.652376 1.574254
3.668608 1.623130
3.685342 1.673436
3.702594 1.725173
3.720378 1.778388
3.738708 1.833081
3.757601 1.889300
3.777072 1.947069
3.797137 2.006435
3.817811 2.067399
3.839110 2.129984
3.861053 2.194214
3.883654 2.260113
3.906931 2.327704
3.930901 2.396989
3.955580 2.467966
3.980987 2.540660
4.007138 2.615094
4.034050 2.691221
4.061741 2.769089
4.090228 2.848673
4.119527 2.929926
4.149655 3.012848
4.180630 3.097439
4.212466 3.183651
4.245181 3.271437
4.278788 3.360701
4.313302 3.451443
4.348738 3.543568
4.385108 3.637028
4.422425 3.731728
4.460701 3.827572
4.499945 3.924417
4.540167 4.022169
4.581374 4.120684
4.623572 4.219818
4.666766 4.319429
4.710959 4.419327
4.756153 4.519320
4.802345 4.619217
4.849533 4.718828
4.897712 4.817867
4.946873 4.916143
4.997007 5.013418
5.048101 5.109406
5.100140 5.203819
5.153103 5.296373
5.206972 5.386829
5.261720 5.474854
5.317322 5.560160
5.373746 5.642414
5.430959 5.721331
5.488925 5.796623
5.547605 5.867958
5.606956 5.935049
5.666932 5.997658
5.727487 6.055450
5.788568 6.108189
5.850125 6.155682
5.912102 6.197643
5.974441 6.233883
6.037083 6.264257
6.099969 6.288624
6.163038 6.306839
6.226226 6.318808
6.289471 6.324482
6.352709 6.323862
6.415878 6.316900
6.478915 6.303692
6.541758 6.284237
6.604344 6.258678
6.666615 6.227112
6.728512 6.189680
6.789979 6.146622
6.850959 6.098080
6.911402 6.044292
6.971257 5.985498
7.030477 5.921984
7.089017 5.854034
7.146836 5.781889
7.203895 5.705881
7.260158 5.626297
7.315592 5.543423
7.370168 5.457592
7.423859 5.369091
7.476641 5.278206
7.528493 5.185223
7.579398 5.090475
7.629340 4.994202
7.678308 4.896736
7.726290 4.798269
7.773281 4.699087
7.819275 4.599428
7.864270 4.499483
7.908265 4.399490
7.951262 4.299641
7.993263 4.200125
8.034274 4.101133
8.074302 4.002762
8.113354 3.905201
8.151439 3.808498
8.188567 3.712845
8.224751 3.618431
8.260004 3.525257
8.294338 3.433418
8.327767 3.342915
8.360307 3.253937
8.391972 3.166485
8.422778 3.080654
8.452743 2.996445
8.481881 2.913857
8.510210 2.832890
8.537746 2.753639
8.564507 2.676105
8.590510 2.600288
8.615772 2.526188
8.640310 2.453804
8.664142 2.383137
8.687284 2.314186
8.709753 2.246952
8.731567 2.181435
8.752743 2.117538
8.773295 2.055264
8.793242 1.994610
8.812597 1.935577
8.831378 1.878071
8.849600 1.822186
8.867278 1.767826
8.884427 1.714897
8.901062 1.663494
8.917197 1.613522
8.932846 1.564884
8.948023 1.517677
8.962741 1.471806
8.977014 1.427269
8.990853 1.383972
9.004272 1.341915
9.017283 1.301098
9.029898 1.261425
9.042128 1.222992
9.053984 1.185608
9.065477 1.149368
9.076619 1.114178
9.087420 1.080036
9.097889 1.046944
9.108037 1.014805
9.117873 0.983620
9.127407 0.953388
9.136648 0.924110
9.145605 0.895691
9.154286 0.868130
9.162701 0.841427
9.170856 0.815487
9.178760 0.790405
9.186420 0.766087
9.193845 0.742435
9.201040 0.719547
9.208014 0.697327
9.214771 0.675774
9.221320 0.654888
9.227667 0.634670
9.233818 0.615120
9.239779 0.596142
9.245557 0.577736
9.251156 0.559902
9.256582 0.542641
9.261841 0.525856
9.266937 0.509644
9.271876 0.493908
9.276663 0.478649
9.281301 0.463867
9.285797 0.449562
9.290154 0.435734
9.294377 0.422287
9.298470 0.409317
9.302438 0.396729
9.306283 0.384521
9.310010 0.372696
9.313622 0.361252
9.317124 0.350189
9.320518 0.339413
9.323809 0.329018
9.326998 0.318909
9.330090 0.309181
9.333087 0.299740
9.335993 0.290585
9.338810 0.281715
9.341541 0.273132
9.344190 0.264835
9.346758 0.256824
9.349248 0.249004
9.351663 0.241470
9.354004 0.234127
9.356275 0.227070
9.358477 0.220203
9.360613 0.213623
9.362685 0.207233
9.364696 0.201035
9.366646 0.195026
9.368538 0.189209
9.370374 0.183582
9.372155 0.178146
9.373884 0.172901
9.375563 0.167847
9.377192 0.162888
9.378773 0.158119
9.380308 0.153542
9.381799 0.149059
9.383246 0.144768
9.384652 0.140572
9.386018 0.136566
9.387344 0.132656
9.388634 0.128937
9.389887 0.125313
9.391105 0.121784
9.392289 0.118446
9.393441 0.115204
9.394562 0.112057
9.395652 0.109005
9.396712 0.106049
9.397745 0.103283
9.398751 0.100613
9.399732 0.098038
9.400687 0.095558
9.401619 0.093174
9.402528 0.090885
9.403415 0.088692
9.404281 0.086594
9.405127 0.084591
9.405952 0.082588
9.406759 0.080681
9.407548 0.078869
9.408319 0.077152
9.409075 0.075531
9.409815 0.074005
9.410540 0.072479
9.411250 0.071049
9.411947 0.069714
9.412632 0.068474
9.413304 0.067234
9.413965 0.066090
9.414616 0.065041
9.415256 0.063992
9.415886 0.063038
9.416508 0.062180
9.417121 0.061321
9.417727 0.060558
9.418325 0.059891
9.418918 0.059223
9.419504 0.058651
9.420085 0.058079
9.420661 0.057602
9.421233 0.057220
9.421802 0.056839
9.422367 0.056553
9.422930 0.056267
9.423491 0.056076
9.424050 0.055981
9.424609 0.055885
9.425168 0.055885
9.425727 0.055885
9.426287 0.055981
9.426848 0.056171
9.427412 0.056362
9.427979 0.056648
9.428548 0.056934
9.429121 0.057316
9.429699 0.057793
9.430282 0.058270
9.430870 0.058842
9.431464 0.059414
9.432065 0.060081
9.432673 0.060844
9.433290 0.061607
9.433914 0.062466
9.434548 0.063419
9.435192 0.064373
9.435846 0.065422
9.436512 0.066566
9.437189 0.067711
9.437879 0.068951
9.438581 0.070286
9.439298 0.071621
9.440028 0.073051
9.440774 0.074577
9.441536 0.076199
9.442315 0.077915
9.443111 0.079632
9.443926 0.081444
9.444759 0.083351
9.445613 0.085354
9.446487 0.087452
9.447384 0.089645
9.448303 0.091934
9.449246 0.094318
9.450214 0.096798
9.451208 0.099373
9.452229 0.102043
9.453277 0.104809
9.454353 0.107670
9.455460 0.110626
9.456596 0.113678
9.457765 0.116825
9.458966 0.120163
9.460202 0.123596
9.461473 0.127125
9.462781 0.130749
9.464127 0.134563
9.465511 0.138474
9.466937 0.142574
9.468405 0.146770
9.469916 0.151157
9.471473 0.155640
9.473076 0.160313
9.474728 0.165176
9.476429 0.170135
9.478182 0.175285
9.479988 0.180626
9.481850 0.186157
9.483768 0.191879
9.485746 0.197792
9.487785 0.203896
9.489887 0.210190
9.492054 0.216675
9.494287 0.223351
9.496591 0.230312
9.498965 0.237465
9.501414 0.244904
9.503940 0.252533
9.506544 0.260448
9.509231 0.268650
9.512001 0.277042
9.514858 0.285721
9.517805 0.294685
9.520844 0.303936
9.523980 0.313568
9.527215 0.323486
9.530552 0.333691
9.533995 0.344276
9.537546 0.355148
9.541210 0.366402
9.544991 0.378036
9.548891 0.390053
9.552916 0.402451
9.557068 0.415230
9.561352 0.428391
9.565772 0.442028
9.570333 0.456047
9.575038 0.470543
9.579893 0.485516
9.584903 0.500965
9.590072 0.516891
9.595406 0.533390
9.600909 0.550365
9.606588 0.567913
9.612449 0.586033
9.618496 0.604725
9.624736 0.623989
9.631174 0.643826
9.637817 0.664330
9.644672 0.685501
9.651746 0.707340
9.659044 0.729847
9.666574 0.753021
9.674344 0.776958
9.682361 0.801659
9.690632 0.827122
9.699165 0.853348
9.707970 0.880432
9.717053 0.908375
9.726425 0.937176
9.736094 0.966930
9.746070 0.997543
9.756361 1.029110
9.766977 1.061630
9.777929 1.095200
9.789227 1.129818
9.800882 1.165485
9.812904 1.202202
9.825305 1.240063
9.838096 1.279068
9.851288 1.319218
9.864894 1.360607
9.878926 1.403236
9.893397 1.447105
9.908320 1.492310
9.923709 1.538849
9.939576 1.586723
9.955935 1.635933
9.972801 1.686573
9.990188 1.738644
10.008110 1.792240
10.026584 1.847363
10.045624 1.904011
10.065246 1.962185
10.085465 2.021980
10.106298 2.083302
10.127762 2.146339
10.149872 2.210999
10.172645 2.277279
10.196097 2.345276
10.220247 2.414989
10.245111 2.486420
10.270707 2.559566
10.297051 2.634430
10.324162 2.711010
10.352055 2.789307
10.380748 2.869320
10.410258 2.951050
10.440602 3.034401
10.471796 3.119373
10.503856 3.205967
10.536797 3.294086
10.570634 3.383732
10.605382 3.474808
10.641055 3.567314
10.677666 3.661060
10.715226 3.756046
10.753748 3.852177
10.793241 3.949261
10.833713 4.047203
10.875172 4.145908
10.917624 4.245186
10.961072 4.344845
11.005520 4.444790
11.050968 4.544830
11.097415 4.644680
11.144856 4.744148
11.193287 4.843044
11.242698 4.941082
11.293078 5.038071
11.344416 5.133724
11.396692 5.227661
11.449889 5.319691
11.503984 5.409527
11.558953 5.496883
11.614768 5.581474
11.671397 5.662918
11.728806 5.740929
11.786959 5.815220
11.845814 5.885506
11.905329 5.951500
11.965458 6.012917
12.026153 6.069469
12.087361 6.120872
12.149031 6.166935
12.211105 6.207466
12.273528 6.242275
12.336240 6.271172
12.399179 6.293964
12.462285 6.310558
12.525495 6.320953
12.588745 6.325054
12.651974 6.322861
12.715117 6.314278
12.778111 6.299496
12.840897 6.278515
12.903411 6.251431
12.965594 6.218338
13.027389 6.179428
13.088738 6.134987
13.149590 6.085110
13.209890 6.030083
13.269591 5.970097
13.328646 5.905437
13.387010 5.836391
13.444642 5.763245
13.501505 5.686283
13.557563 5.605793
13.612784 5.522156
13.667140 5.435562
13.720604 5.346394
13.773153 5.254936
13.824768 5.161476
13.875431 5.066299
13.925128 4.969692
13.973847 4.871941
14.021580 4.773235
14.068318 4.673862
14.114059 4.574108
14.158801 4.474163
14.202543 4.374218
14.245288 4.274464
14.287039 4.175091
14.327801 4.076195
14.367580 3.977966
14.406386 3.880596
14.444228 3.784180
14.481116 3.688812
14.517063 3.594685
14.552081 3.501797
14.586184 3.410244
14.619385 3.320122
14.651700 3.231525
14.683145 3.144455
14.713735 3.059006
14.743486 2.975178
14.772416 2.892971
14.800541 2.812481
14.827878 2.733707
14.854445 2.656651
14.880258 2.581310
14.905334 2.507687
14.929692 2.435780
14.953348 2.365589
14.976319 2.297115
14.998622 2.230263
15.020273 2.165127
15.041289 2.101612
15.061687 2.039814
15.081484 1.979637
15.100694 1.920986
15.119333 1.863956
15.137418 1.808453
15.154963 1.754475
15.171982 1.701927
15.188491 1.650906
15.204503 1.601219
15.220033 1.552963
15.235093 1.506042
15.249698 1.460457
15.263860 1.416206
15.277592 1.373196
15.290907 1.331520
15.303817 1.290989
15.316334 1.251698
15.328469 1.213551
15.340235 1.176548
15.351641 1.140594
15.362698 1.105690
15.373416 1.071835
15.383806 1.039028
15.393878 1.007175
15.403641 0.976276
15.413104 0.946331
15.422276 0.917244
15.431167 0.889015
15.439783 0.861645
15.448134 0.835133
15.456229 0.809479
15.464075 0.784588
15.471680 0.760460
15.479051 0.737095
15.486195 0.714397
15.493118 0.692368
15.499828 0.671005
15.506331 0.650311
15.512634 0.630283
15.518743 0.610828
15.524663 0.592041
15.530401 0.573826
15.535963 0.556183
15.541354 0.539112
15.546579 0.522518
15.551644 0.506496
15.556554 0.490952
15.561313 0.475883
15.565926 0.461292
15.570397 0.447178
15.574732 0.433445
15.578934 0.420189
15.583007 0.407314
15.586955 0.394821
15.590782 0.382710
15.594492 0.370979
15.598088 0.359631
15.601575 0.348663
15.604956 0.338078
15.608233 0.327778
15.611412 0.317860
15.614494 0.308228
15.617483 0.298882
15.620381 0.289822
15.623192 0.281048
15.625917 0.272560
15.628561 0.264359
15.631125 0.256443
15.633614 0.248814
15.636027 0.241375
15.638370 0.234222
15.640642 0.227261
15.642847 0.220490
15.644987 0.214005
15.647064 0.207710
15.649080 0.201607
15.651037 0.195694
15.652937 0.189972
15.654781 0.184441
15.656572 0.179100
15.658312 0.173950
15.660002 0.168991
15.661644 0.164223
15.663239 0.159550
15.664790 0.155067
15.666298 0.150776
15.667764 0.146580
15.669189 0.142574
15.670576 0.138664
15.671926 0.134945
15.673239 0.131321
15.674518 0.127888
15.675763 0.124550
15.676976 0.121307
15.678159 0.118256
15.679312 0.115299
15.680436 0.112438
15.681533 0.109673
15.682603 0.107002
15.683647 0.104427
15.684668 0.102043
15.685665 0.099754
15.686641 0.097561
15.687595 0.095463
15.688530 0.093460
15.689445 0.091553
15.690343 0.089741
15.691223 0.088024
15.692086 0.086308
15.692933 0.084686
15.693765 0.083160
15.694582 0.081730
15.695386 0.080395
15.696177 0.079155
15.696958 0.078011
15.697726 0.076866
15.698484 0.075817
15.699233 0.074863
15.699973 0.074005
15.700706 0.073242
15.701430 0.072479
15.702148 0.071812
15.702861 0.071239
15.703568 0.070763
15.704271 0.070286
15.704970 0.069904
15.705667 0.069618
15.706361 0.069427
15.707053 0.069237
15.707745 0.069141
15.708436 0.069141
15.709127 0.069141
15.709820 0.069237
15.710514 0.069427
15.711211 0.069714
15.711911 0.070000
15.712615 0.070381
15.713324 0.070858
15.714038 0.071430
15.714758 0.072002
15.715485 0.072670
15.716219 0.073433
15.716962 0.074291
15.717713 0.075150
15.718474 0.076103
15.719246 0.077152
15.720029 0.078297
15.720824 0.079536
15.721632 0.080776
15.722453 0.082111
15.723289 0.083542
15.724139 0.085068
15.725006 0.086689
15.725890 0.088406
15.726792 0.090218
15.727714 0.092125
15.728655 0.094128
15.729617 0.096226
15.730601 0.098419
15.731608 0.100708
15.732639 0.103092
15.733695 0.105572
15.734776 0.108147
15.735885 0.110817
15.737020 0.113583
15.738185 0.116444
15.739380 0.119495
15.740606 0.122643
15.741865 0.125885
15.743158 0.129318
15.744487 0.132847
15.745852 0.136471
15.747254 0.140285
15.748696 0.144196
15.750179 0.148296
15.751704 0.152493
15.753273 0.156879
15.754887 0.161362
15.756547 0.166035
15.758256 0.170898
15.760015 0.175953
15.761827 0.181198
15.763693 0.186539
15.765614 0.192070
15.767591 0.197792
15.769629 0.203705
15.771728 0.209904
15.773890 0.216293
15.776119 0.222874
15.778416 0.229645
15.780783 0.236702
15.783222 0.243950
15.785737 0.251484
15.788329 0.259209
15.791001 0.267220
15.793756 0.275517
15.796597 0.284100
15.799527 0.292969
15.802548 0.302124
15.805664 0.311565
15.808877 0.321293
15.812191 0.331402
15.815609 0.341797
15.819135 0.352573
15.822771 0.363636
15.826522 0.375080
15.830391 0.386906
15.834382 0.399113
15.838499 0.411701
15.842746 0.424671
15.847127 0.438118
15.851646 0.451946
15.856309 0.466251
15.861119 0.481033
15.866082 0.496292
15.871202 0.512028
15.876485 0.528240
15.881935 0.545025
15.887559 0.562382
15.893361 0.580215
15.899347 0.598621
15.905523 0.617599
15.911896 0.637245
15.918470 0.657463
15.925254 0.678349
15.932253 0.699902
15.939474 0.722122
15.946925 0.745106
15.954613 0.768757
15.962544 0.793171
15.970728 0.818348
15.979171 0.844288
15.987882 0.871086
15.996869 0.898743
16.006142 0.927258
16.015709 0.956726
16.025579 0.987053
16.035763 1.018333
16.046268 1.050568
16.057106 1.083755
16.068285 1.117897
16.079817 1.153183
16.091711 1.189423
16.103979 1.226807
16.116632 1.265335
16.129683 1.305008
16.143143 1.346016
16.157024 1.388168
16.171341 1.431656
16.186104 1.476288
16.201326 1.522255
16.217022 1.569557
16.233206 1.618385
16.249891 1.668549
16.267092 1.720047
16.284822 1.773071
16.303099 1.827621
16.321936 1.883698
16.341349 1.941299
16.361353 2.000427
16.381966 2.061272
16.403202 2.123642
16.425079 2.187729
16.447615 2.253532
16.470823 2.320862
16.494722 2.389908
16.519329 2.460670
16.544661 2.533150
16.570734 2.607346
16.597567 2.683258
16.625175 2.760887
16.653578 2.840233
16.682791 2.921295
16.712831 3.004074
16.743717 3.088570
16.775463 3.174591
16.808084 3.262138
16.841597 3.351212
16.876015 3.441811
16.911352 3.533745
16.947622 3.627014
16.984838 3.721619
17.023012 3.817368
17.062153 3.914070
17.102270 4.011726
17.143372 4.110146
17.185463 4.209137
17.228550 4.308701
17.272636 4.408646
17.317722 4.508591
17.363808 4.608536
17.410889 4.708099
17.458961 4.807281
17.508018 4.905701
17.558050 5.003166
17.609043 5.099297
17.660982 5.193901
17.713848 5.286598
17.767620 5.377197
17.822275 5.465508
17.877787 5.551147
17.934124 5.633736
17.991255 5.713081
18.049143 5.788803
18.107748 5.860519
18.167028 5.928040
18.226940 5.991173
18.287436 6.049538
18.348463 6.102753
18.409971 6.150818
18.471905 6.193352
18.534206 6.230164
18.596819 6.261253
18.659681 6.286240
18.722733 6.305122
18.785910 6.317711
18.849150 6.324005
18.912390 6.324005
18.975567 6.317711
19.038618 6.305122
19.101480 6.286240
19.164093 6.261253
19.226397 6.230354
19.288332 6.193542
19.349842 6.151009
19.410873 6.103134
19.471373 6.049919
19.531290 5.991745
19.590578 5.928802
19.649191 5.861282
19.707087 5.789566
19.764227 5.714035
19.820576 5.634880
19.876099 5.552292
19.930765 5.466652
19.984549 5.378342
20.037426 5.287743
20.089376 5.195045
20.140381 5.100441
20.190424 5.004311
20.239494 4.907036
20.287580 4.808617
20.334675 4.709435
20.380774 4.609871
20.425873 4.509926
20.469973 4.409981
20.513073 4.310036
20.555178 4.210472
20.596291 4.111290
20.636419 4.012871
20.675571 3.915215
20.713757 3.818512
20.750984 3.722763
20.787266 3.628159
20.822615 3.534889
20.857044 3.442955
20.890568 3.352356
20.923201 3.263283
20.954958 3.175735
20.985855 3.089714
21.015907 3.005219
21.045132 2.922440
21.073545 2.841377
21.101166 2.762032
21.128010 2.684402
21.154095 2.608490
21.179438 2.534294
21.204056 2.461815
21.227966 2.391052
21.251186 2.322006
21.273731 2.254486
21.295618 2.188683
21.316864 2.124596
21.337486 2.062225
21.357500 2.001381
21.376923 1.942253
21.395769 1.884651
21.414055 1.828575
21.431795 1.774025
21.449005 1.721001
21.465698 1.669312
21.481890 1.619148
21.497593 1.570320
21.512823 1.523018
21.527594 1.477051
21.541918 1.432419
21.555807 1.388931
21.569275 1.346779
21.582333 1.305771
21.594994 1.266098
21.607269 1.227570
21.619171 1.190186
21.630709 1.153755
21.641893 1.118469
21.652737 1.084328
21.663248 1.051140
21.673437 1.018906
21.683313 0.987625
21.692886 0.957298
21.702166 0.927925
21.711161 0.899506
21.719879 0.871849
21.728331 0.845146
21.736523 0.819206
21.744463 0.794029
21.752159 0.769615
21.759619 0.745964
21.766850 0.723076
21.773857 0.700760
21.780649 0.679207
21.787231 0.658226
21.793612 0.638008
21.799795 0.618362
21.805788 0.599289
21.811596 0.580788
21.817225 0.562859
21.822680 0.545502
21.827967 0.528717
21.833092 0.512505
21.838058 0.496674
21.842873 0.481415
21.847540 0.466728
21.852064 0.452423
21.856449 0.438499
21.860701 0.425148
21.864822 0.412178
21.868818 0.399590
21.872692 0.387383
21.876448 0.375557
21.880089 0.364113
21.883619 0.353050
21.887043 0.342369
21.890364 0.332069
21.893583 0.321960
21.896706 0.312233
21.899734 0.302887
21.902672 0.293732
21.905521 0.284958
21.908285 0.276375
21.910967 0.268173
21.913568 0.260162
21.916092 0.252342
21.918541 0.244904
21.920918 0.237656
21.923223 0.230598
21.925461 0.223732
21.927633 0.217247
21.929743 0.210953
21.931791 0.204849
21.933781 0.198936
21.935713 0.193214
21.937590 0.187683
21.939413 0.182343
21.941185 0.177193
21.942907 0.172234
21.944582 0.167465
21.946211 0.162888
21.947794 0.158310
21.949333 0.153923
21.950830 0.149727
21.952288 0.145721
21.953707 0.141907
21.955088 0.138092
21.956432 0.134468
21.957743 0.131035
21.959019 0.127602
21.960262 0.124359
21.961475 0.121307
21.962658 0.118256
21.963812 0.115395
21.964939 0.112724
21.966040 0.110054
21.967115 0.107574
21.968166 0.105095
21.969194 0.102806
21.970200 0.100517
21.971184 0.098419
21.972149 0.096512
21.973095 0.094604
21.974024 0.092888
21.974936 0.091171
21.975832 0.089645
21.976713 0.088120
21.977579 0.086594
21.978432 0.085258
21.979271 0.083923
21.980099 0.082779
21.980915 0.081635
21.981722 0.080681
21.982519 0.079727
21.983307 0.078773
21.984087 0.078011
21.984859 0.077248
21.985626 0.076675
21.986387 0.076103
21.987144 0.075722
21.987898 0.075340
21.988647 0.074959
21.989395 0.074768
21.990141 0.074577
21.990885 0.074387
21.991629 0.074387
21.992373 0.074387
21.993118 0.074577
21.993866 0.074768
21.994616 0.074959
21.995369 0.075340
21.996126 0.075722
21.996889 0.076294
21.997658 0.076866
21.998432 0.077438
21.999214 0.078201
22.000004 0.078964
22.000803 0.079918
22.001612 0.080872
22.002430 0.081825
22.003260 0.082970
22.004101 0.084114
22.004955 0.085449
22.005823 0.086784
22.006706 0.088310
22.007605 0.089836
22.008520 0.091553
22.009453 0.093269
22.010405 0.095177
22.011375 0.097084
22.012367 0.099182
22.013380 0.101280
22.014416 0.103569
22.015474 0.105858
22.016558 0.108337
22.017666 0.110817
22.018801 0.113487
22.019962 0.116158
22.021152 0.119019
22.022373 0.122070
22.023624 0.125122
22.024908 0.128365
22.026226 0.131798
22.027578 0.135231
22.028967 0.138855
22.030394 0.142670
22.031860 0.146675
22.033367 0.150681
22.034916 0.154877
22.036509 0.159264
22.038147 0.163841
22.039833 0.168610
22.041569 0.173569
22.043354 0.178528
22.045191 0.183678
22.047081 0.189018
22.049026 0.194550
22.051029 0.200272
22.053091 0.206184
22.055214 0.212288
22.057402 0.218773
22.059656 0.225449
22.061979 0.232315
22.064373 0.239372
22.066839 0.246620
22.069382 0.254250
22.072002 0.262070
22.074703 0.270081
22.077488 0.278473
22.080359 0.287056
22.083319 0.296021
22.086370 0.305176
22.089518 0.314713
22.092762 0.324440
22.096107 0.334549
22.099558 0.345039
22.103117 0.355911
22.106789 0.367165
22.110575 0.378609
22.114479 0.390434
22.118505 0.402641
22.122660 0.415421
22.126945 0.428581
22.131367 0.442123
22.135927 0.456047
22.140633 0.470543
22.145487 0.485420
22.150496 0.500870
22.155663 0.516701
22.160994 0.533104
22.166494 0.550079
22.172169 0.567436
22.178022 0.585365
22.184061 0.603867
22.190292 0.623131
22.196722 0.642967
22.203356 0.663376
22.210199 0.684357
22.217260 0.706100
22.224546 0.728607
22.232063 0.751686
22.239819 0.775528
22.247820 0.800133
22.256075 0.825500
22.264591 0.851631
22.273378 0.878716
22.282444 0.906563
22.291798 0.935364
22.301447 0.964928
22.311401 0.995445
22.321671 1.026917
22.332264 1.059341
22.343191 1.092720
22.354464 1.127243
22.366091 1.162720
22.378084 1.199341
22.390455 1.237106
22.403215 1.276016
22.416376 1.316071
22.429949 1.357269
22.443947 1.399803
22.458382 1.443481
22.473267 1.488495
22.488615 1.534843
22.504440 1.582527
22.520756 1.631546
22.537577 1.682091
22.554916 1.733971
22.572790 1.787376
22.591213 1.842308
22.610201 1.898766
22.629768 1.956749
22.649933 2.016449
22.670710 2.077675
22.692114 2.140427
22.714163 2.204895
22.736874 2.271080
22.760263 2.338982
22.784349 2.408600
22.809149 2.479935
22.834679 2.552986
22.860956 2.627754
22.887999 2.704239
22.915823 2.782440
22.944447 2.862358
22.973885 2.943802
23.004154 3.026962
23.035273 3.111839
23.067255 3.198242
23.100117 3.286171
23.133873 3.375626
23.168539 3.466606
23.204128 3.558922
23.240654 3.652573
23.278128 3.747368
23.316561 3.843307
23.355965 3.940392
23.396347 4.038239
23.437716 4.136848
23.480076 4.236031
23.523434 4.335785
23.567791 4.435730
23.613148 4.535675
23.659504 4.635620
23.706856 4.735184
23.755198 4.834175
23.804522 4.932404
23.854816 5.029488
23.906069 5.125237
23.958263 5.219460
24.011381 5.311775
24.065399 5.401802
24.120293 5.489349
24.176035 5.574226
24.232594 5.655861
24.289936 5.734253
24.348024 5.808830
24.406818 5.879402
24.466276 5.945778
24.526352 6.007576
24.586998 6.064606
24.648163 6.116486
24.709793 6.163025
24.771833 6.204033
24.834227 6.239319
24.896914 6.268692
24.959833 6.291962
25.022924 6.309128
25.086124 6.320000
25.149370 6.324577
25.212599 6.322861
25.275747 6.314850
25.338753 6.300545
25.401554 6.280136
25.464090 6.253624
25.526300 6.221008
25.588127 6.182671
25.649513 6.138611
25.710405 6.089211
25.770752 6.034660
25.830503 5.975151
25.889612 5.910873
25.948034 5.842209
26.005728 5.769348
26.062654 5.692673
26.118780 5.612564
26.174072 5.529213
26.228500 5.442810
26.282040 5.353928
26.334667 5.262756
26.386362 5.169487
26.437107 5.074501
26.486887 4.977989
26.535690 4.880333
26.583508 4.781723
26.630331 4.682350
26.676157 4.582596
26.720984 4.482651
26.764811 4.382706
26.807640 4.282951
26.849476 4.183578
26.890322 4.084587
26.930185 3.986359
26.969074 3.888893
27.006998 3.792381
27.043968 3.697014
27.079996 3.602791
27.115093 3.509712
27.149273 3.417969
27.182550 3.327751
27.214941 3.239059
27.246460 3.151894
27.277122 3.066254
27.306946 2.982330
27.335945 2.899933
27.364138 2.819252
27.391541 2.740288
27.418171 2.663040
27.444046 2.587509
27.469183 2.513695
27.493599 2.441597
27.517311 2.371216
27.540337 2.302551
27.562693 2.235603
27.584396 2.170372
27.605463 2.106667
27.625910 2.044678
27.645752 1.984215
27.665007 1.925468
27.683689 1.868248
27.701815 1.812553
27.719398 1.758385
27.736456 1.705742
27.753000 1.654434
27.769047 1.604652
27.784609 1.556206
27.799700 1.509094
27.814333 1.463318
27.828522 1.418877
27.842279 1.375771
27.855618 1.333809
27.868549 1.293182
27.881086 1.253700
27.893240 1.215363
27.905022 1.178169
27.916443 1.142120
27.927513 1.107025
27.938244 1.073074
27.948645 1.040077
27.958725 1.008034
27.968494 0.976944
27.977962 0.946808
27.987139 0.917625
27.996031 0.889206
28.004648 0.861740
28.012999 0.835037
28.021091 0.809288
28.028934 0.784302
28.036535 0.760078
28.043900 0.736427
28.051035 0.713539
28.057949 0.691414
28.064648 0.669861
28.071138 0.649071
28.077427 0.628853
28.083519 0.609207
28.089422 0.590324
28.095142 0.572014
28.100685 0.554276
28.106054 0.536919
28.111256 0.520134
28.116295 0.503922
28.121176 0.488091
28.125904 0.472832
28.130484 0.457954
28.134920 0.443649
28.139217 0.429726
28.143379 0.416183
28.147411 0.403214
28.151318 0.390625
28.155102 0.378418
28.158768 0.366592
28.162319 0.355148
28.165758 0.343895
28.169088 0.333023
28.172314 0.322533
28.175438 0.312424
28.178463 0.302505
28.181393 0.292969
28.184229 0.283623
28.186975 0.274658
28.189634 0.265884
28.192209 0.257492
28.194702 0.249290
28.197115 0.241280
28.199451 0.233650
28.201714 0.226212
28.203903 0.218964
28.206022 0.211906
28.208073 0.205040
28.210056 0.198364
28.211975 0.191879
28.213831 0.185585
28.215626 0.179482
28.217361 0.173569
28.219040 0.167847
28.220663 0.162315
28.222233 0.156975
28.223751 0.151825
28.225218 0.146675
28.226635 0.141716
28.228004 0.136948
28.229328 0.132370
28.230606 0.127792
28.231840 0.123405
28.233032 0.119209
28.234182 0.115013
28.235292 0.111008
28.236364 0.107193
28.237398 0.103378
28.238396 0.099754
28.239357 0.096130
28.240284 0.092697
28.241177 0.089264
28.242037 0.086021
28.242865 0.082779
28.243662 0.079727
28.244429 0.076675
28.245165 0.073624
28.245872 0.070763
28.246552 0.067902
28.247202 0.065041
28.247826 0.062370
28.248423 0.059700
28.248993 0.057030
28.249538 0.054550
28.250059 0.052071
28.250555 0.049591
28.251028 0.047302
28.251478 0.045013
28.251905 0.042725
28.252310 0.040436
28.252691 0.038147
28.253052 0.036049
28.253391 0.033951
28.253710 0.031853
28.254007 0.029755
28.254284 0.027657
28.254539 0.025558
28.254776 0.023651
28.254993 0.021744
28.255192 0.019836
28.255371 0.017929
28.255531 0.016022
28.255672 0.014114
28.255795 0.012207
28.255898 0.010300
28.255981 0.008392
28.256046 0.006485
28.256092 0.004578
28.256119 0.002670
28.256126 0.000763
28.256115 -0.001144
28.256084 -0.003052
28.256035 -0.004959
28.255966 -0.006866
28.255878 -0.008774
28.255772 -0.010681
28.255646 -0.012589
28.255501 -0.014496
28.255337 -0.016403
28.255154 -0.018311
28.254951 -0.020218
28.254730 -0.022125
28.254490 -0.024033
28.254230 -0.025940
28.253950 -0.028038
28.253649 -0.030136
28.253326 -0.032234
28.252983 -0.034332
28.252619 -0.036430
28.252234 -0.038528
28.251825 -0.040817
28.251394 -0.043106
28.250940 -0.045395
28.250463 -0.047684
28.249962 -0.050163
28.249435 -0.052643
28.248884 -0.055122
28.248308 -0.057602
28.247705 -0.060272
28.247076 -0.062943
28.246420 -0.065613
28.245735 -0.068474
28.245022 -0.071335
28.244280 -0.074196
28.243507 -0.077248
28.242704 -0.080299
28.241869 -0.083542
28.241001 -0.086784
28.240101 -0.090027
28.239166 -0.093460
28.238197 -0.096893
28.237192 -0.100517
28.236151 -0.104141
28.235071 -0.107956
28.233952 -0.111961
28.232792 -0.115967
28.231590 -0.120163
28.230347 -0.124359
28.229059 -0.128746
28.227726 -0.133324
28.226347 -0.137901
28.224920 -0.142670
28.223444 -0.147629
28.221916 -0.152779
28.220337 -0.157928
28.218704 -0.163269
28.217016 -0.168800
28.215271 -0.174522
28.213467 -0.180435
28.211601 -0.186539
28.209673 -0.192833
28.207680 -0.199318
28.205620 -0.205994
28.203491 -0.212860
28.201292 -0.219917
28.199020 -0.227165
28.196674 -0.234604
28.194250 -0.242424
28.191746 -0.250435
28.189159 -0.258636
28.186487 -0.267220
28.183727 -0.275993
28.180878 -0.284958
28.177935 -0.294304
28.174896 -0.303841
28.171759 -0.313759
28.168518 -0.324059
28.165173 -0.334549
28.161718 -0.345421
28.158152 -0.356674
28.154469 -0.368309
28.150665 -0.380325
28.146738 -0.392723
28.142683 -0.405502
28.138496 -0.418663
28.134174 -0.432205
28.129713 -0.446129
28.125107 -0.460625
28.120352 -0.475502
28.115444 -0.490761
28.110378 -0.506592
28.105148 -0.522995
28.099751 -0.539780
28.094179 -0.557137
28.088428 -0.575066
28.082493 -0.593567
28.076366 -0.612640
28.070044 -0.632286
28.063519 -0.652504
28.056784 -0.673485
28.049833 -0.695038
28.042660 -0.717354
28.035257 -0.740242
28.027618 -0.763893
28.019735 -0.788307
28.011600 -0.813484
28.003206 -0.839424
27.994545 -0.866127
27.985607 -0.893784
27.976385 -0.922203
27.966869 -0.951576
27.957050 -0.981903
27.946918 -1.013184
27.936464 -1.045418
27.925678 -1.078606
27.914551 -1.112747
27.903070 -1.148033
27.891228 -1.184273
27.879011 -1.221657
27.866409 -1.260185
27.853411 -1.299858
27.840004 -1.340675
27.826176 -1.382828
27.811914 -1.426125
27.797207 -1.470757
27.782040 -1.516724
27.766399 -1.564026
27.750273 -1.612663
27.733646 -1.662636
27.716505 -1.714134
27.698833 -1.767159
27.680618 -1.821518
27.661844 -1.877403
27.642496 -1.934814
27.622557 -1.993942
27.602011 -2.054596
27.580841 -2.116966
27.559032 -2.180862
27.536568 -2.246475
27.513430 -2.313805
27.489601 -2.382851
27.465067 -2.453423
27.439810 -2.525711
27.413813 -2.599716
27.387056 -2.675629
27.359524 -2.753258
27.331200 -2.832413
27.302067 -2.913284
27.272108 -2.995872
27.241306 -3.080177
27.209646 -3.166008
27.177111 -3.253555
27.143684 -3.342628
27.109354 -3.433037
27.074104 -3.524971
27.037922 -3.618240
27.000795 -3.712654
26.962713 -3.808212
26.923664 -3.904915
26.883638 -4.002571
26.842628 -4.100990
26.800629 -4.199982
26.757633 -4.299545
26.713638 -4.399490
26.668644 -4.499435
26.622650 -4.599380
26.575659 -4.699135
26.527676 -4.798317
26.478708 -4.896736
26.428766 -4.994202
26.377861 -5.090523
26.326008 -5.185318
26.273226 -5.278206
26.219536 -5.368996
26.164961 -5.457497
26.109528 -5.543327
26.053267 -5.626106
25.996210 -5.705643
25.938393 -5.781746
25.879854 -5.853844
25.820637 -5.921745
25.760784 -5.985260
25.700344 -6.044006
25.639366 -6.097794
25.577904 -6.146240
25.516010 -6.189346
25.453743 -6.226730
25.391161 -6.258202
25.328323 -6.283760
25.265291 -6.303215
25.202127 -6.316376
25.138895 -6.323242
25.075657 -6.323814
25.012476 -6.318092
24.949415 -6.306076
24.886538 -6.287766
24.823904 -6.263351
24.761574 -6.233025
24.699606 -6.196785
24.638058 -6.154823
24.576984 -6.107330
24.516439 -6.054497
24.456472 -5.996704
24.397131 -5.934143
24.338461 -5.867004
24.280504 -5.795670
24.223301 -5.720329
24.166887 -5.641365
24.111296 -5.559158
24.056557 -5.473900
24.002697 -5.385971
23.949741 -5.295563
23.897711 -5.203056
23.846624 -5.108643
23.796497 -5.012703
23.747343 -4.915428
23.699171 -4.817200
23.651989 -4.718208
23.605803 -4.618645
23.560616 -4.518700
23.516428 -4.418755
23.473240 -4.318810
23.431047 -4.219246
23.389847 -4.120064
23.349632 -4.021454
23.310396 -3.923607
23.272129 -3.826714
23.234819 -3.730965
23.198456 -3.636360
23.163027 -3.542900
23.128519 -3.450775
23.094919 -3.359985
23.062212 -3.270721
23.030382 -3.182983
22.999414 -3.096771
22.969292 -3.012276
22.939999 -2.929306
22.911518 -2.848053
22.883833 -2.768517
22.856926 -2.690697
22.830780 -2.614594
22.805378 -2.540207
22.780703 -2.467537
22.756737 -2.396584
22.733463 -2.327347
22.710865 -2.259827
22.688927 -2.193832
22.667631 -2.129555
22.646961 -2.066994
22.626902 -2.005959
22.607435 -1.946640
22.588547 -1.888847
22.570221 -1.832581
22.552443 -1.777840
22.535196 -1.724625
22.518467 -1.672935
22.502241 -1.622581
22.486504 -1.573753
22.471241 -1.526260
22.456440 -1.480103
22.442087 -1.435280
22.428169 -1.391792
22.414675 -1.349449
22.401590 -1.308441
22.388905 -1.268578
22.376606 -1.229858
22.364683 -1.192284
22.353125 -1.155853
22.341921 -1.120377
22.331060 -1.086044
22.320534 -1.052666
22.310331 -1.020241
22.300444 -0.988770
22.290861 -0.958252
22.281574 -0.928688
22.272573 -0.900078
22.263851 -0.872231
22.255398 -0.845337
22.247206 -0.819206
22.239267 -0.793839
22.231575 -0.769234
22.224121 -0.745392
22.216898 -0.722313
22.209898 -0.699997
22.203115 -0.678253
22.196543 -0.657272
22.190174 -0.636864
22.184004 -0.617027
22.178024 -0.597954
22.172230 -0.579453
22.166615 -0.561523
22.161175 -0.543976
22.155905 -0.527000
22.150799 -0.510597
22.145851 -0.494766
22.141058 -0.479317
22.136414 -0.464439
22.131914 -0.449944
22.127556 -0.435829
22.123333 -0.422287
22.119242 -0.409126
22.115278 -0.396347
22.111439 -0.383949
22.107719 -0.371933
22.104116 -0.360298
22.100626 -0.349045
22.097244 -0.338173
22.093969 -0.327492
22.090797 -0.317192
22.087725 -0.307274
22.084749 -0.297546
22.081867 -0.288200
22.079075 -0.279236
22.076370 -0.270462
22.073751 -0.261879
22.071215 -0.253677
22.068758 -0.245667
22.066380 -0.237846
22.064075 -0.230408
22.061844 -0.223160
22.059683 -0.216103
22.057590 -0.209236
22.055565 -0.202560
22.053604 -0.196075
22.051706 -0.189781
22.049870 -0.183678
22.048092 -0.177765
22.046371 -0.172043
22.044706 -0.166512
22.043095 -0.161171
22.041534 -0.156021
22.040024 -0.151062
22.038563 -0.146103
22.037149 -0.141335
22.035782 -0.136757
22.034458 -0.132370
22.033178 -0.127983
22.031940 -0.123787
22.030743 -0.119781
22.029585 -0.115776
22.028465 -0.111961
22.027384 -0.108147
22.026339 -0.104523
22.025328 -0.101089
22.024351 -0.097656
22.023407 -0.094414
22.022495 -0.091171
22.021614 -0.088120
22.020763 -0.085068
22.019943 -0.082016
22.019152 -0.079155
22.018389 -0.076294
22.017653 -0.073624
22.016943 -0.070953
22.016260 -0.068283
22.015602 -0.065804
22.014969 -0.063324
22.014359 -0.061035
22.013771 -0.058746
22.013206 -0.056458
22.012665 -0.054169
22.012144 -0.052071
22.011644 -0.049973
22.011166 -0.047874
22.010706 -0.045967
22.010265 -0.044060
22.009844 -0.042152
22.009441 -0.040245
22.009058 -0.038338
22.008692 -0.036621
22.008343 -0.034904
22.008011 -0.033188
22.007696 -0.031471
22.007399 -0.029755
22.007118 -0.028038
22.006853 -0.026512
22.006603 -0.024986
22.006369 -0.023460
22.006149 -0.021935
22.005945 -0.020409
22.005756 -0.018883
22.005583 -0.017357
22.005424 -0.015831
22.005280 -0.014496
22.005148 -0.013161
22.005030 -0.011826
22.004925 -0.010490
22.004833 -0.009155
22.004755 -0.007820
22.004690 -0.006485
22.004639 -0.005150
22.004601 -0.003815
22.004576 -0.002480
22.004564 -0.001144
22.004566 0.000191
22.004581 0.001526
22.004610 0.002861
22.004652 0.004196
22.004707 0.005531
22.004776 0.006866
22.004858 0.008202
22.004953 0.009537
22.005062 0.010872
22.005184 0.012207
22.005320 0.013542
22.005468 0.014877
22.005632 0.016403
22.005812 0.017929
22.006006 0.019455
22.006216 0.020981
22.006441 0.022507
22.006681 0.024033
22.006937 0.025558
22.007208 0.027084
22.007494 0.028610
22.007797 0.030327
22.008118 0.032043
22.008455 0.033760
22.008810 0.035477
22.009182 0.037193
22.009571 0.038910
22.009979 0.040817
22.010406 0.042725
22.010853 0.044632
22.011318 0.046539
22.011805 0.048637
22.012312 0.050735
22.012840 0.052834
22.013390 0.054932
22.013962 0.057220
22.014557 0.059509
22.015175 0.061798
22.015818 0.064278
22.016485 0.066757
22.017178 0.069237
22.017897 0.071907
22.018642 0.074577
22.019415 0.077248
22.020216 0.080109
22.021046 0.082970
22.021906 0.086021
22.022797 0.089073
22.023720 0.092316
22.024675 0.095558
22.025665 0.098991
22.026690 0.102425
22.027750 0.106049
22.028847 0.109673
22.029982 0.113487
22.031155 0.117302
22.032368 0.121307
22.033623 0.125504
22.034920 0.129700
22.036261 0.134087
22.037647 0.138664
22.039080 0.143242
22.040560 0.148010
22.042089 0.152969
22.043671 0.158119
22.045305 0.163460
22.046993 0.168800
22.048737 0.174332
22.050537 0.180054
22.052397 0.185966
22.054317 0.192070
22.056301 0.198364
22.058350 0.204849
22.060465 0.211525
22.062649 0.218391
22.064903 0.225449
22.067232 0.232887
22.069637 0.240517
22.072121 0.248337
22.074684 0.256348
22.077332 0.264740
22.080065 0.273323
22.082888 0.282288
22.085802 0.291443
22.088812 0.300980
22.091919 0.310707
22.095127 0.320816
22.098438 0.331116
22.101856 0.341797
22.105385 0.352859
22.109028 0.364304
22.112789 0.376129
22.116673 0.388336
22.120682 0.400925
22.124821 0.413895
22.129093 0.427246
22.133503 0.440979
22.138054 0.455093
22.142752 0.469780
22.147600 0.484848
22.152605 0.500488
22.157770 0.516510
22.163101 0.533104
22.168604 0.550270
22.174284 0.568008
22.180145 0.586128
22.186193 0.604820
22.192436 0.624275
22.198879 0.644302
22.205528 0.664902
22.212391 0.686264
22.219473 0.708199
22.226782 0.730896
22.234324 0.754166
22.242105 0.778198
22.250135 0.802994
22.258421 0.828552
22.266970 0.854874
22.275791 0.882149
22.284893 0.910187
22.294285 0.939178
22.303976 0.969124
22.313974 0.999832
22.324289 1.031494
22.334930 1.064110
22.345909 1.097870
22.357235 1.132584
22.368919 1.168442
22.380972 1.205254
22.393404 1.243210
22.406227 1.282310
22.419453 1.322556
22.433094 1.364136
22.447163 1.406860
22.461672 1.450920
22.476635 1.496315
22.492065 1.543045
22.507977 1.591110
22.524382 1.640511
22.541296 1.691437
22.558733 1.743698
22.576708 1.797485
22.595236 1.852798
22.614332 1.909637
22.634012 1.968002
22.654291 2.027893
22.675186 2.089500
22.696712 2.152634
22.718887 2.217484
22.741728 2.284050
22.765251 2.352333
22.789474 2.422333
22.814413 2.493858
22.840084 2.567101
22.866507 2.642250
22.893698 2.719116
22.921675 2.797699
22.950453 2.877808
22.980049 2.959633
23.010481 3.043175
23.041765 3.128433
23.073917 3.215218
23.106953 3.303528
23.140886 3.393364
23.175732 3.484535
23.211504 3.577232
23.248215 3.671074
23.285877 3.766251
23.324501 3.862381
23.364098 3.959656
23.404675 4.057693
23.446239 4.156494
23.488798 4.255867
23.532354 4.355621
23.576910 4.455566
23.622465 4.555511
23.669018 4.655266
23.716564 4.754639
23.765099 4.853439
23.814613 4.951477
23.865097 5.048370
23.916534 5.143738
23.968910 5.237579
24.022203 5.329323
24.076393 5.418968
24.131453 5.505943
24.187355 5.590248
24.244068 5.671310
24.301558 5.748940
24.359785 5.822754
24.418711 5.892563
24.478291 5.957985
24.538479 6.018829
24.599228 6.074905
24.660486 6.125832
24.722198 6.171227
24.784309 6.211090
24.846762 6.245232
24.909496 6.273460
24.972452 6.295586
25.035568 6.311607
25.098782 6.321335
25.162029 6.324768
25.225248 6.321907
25.288376 6.312752
25.351349 6.297302
25.414104 6.275558
25.476582 6.247711
25.538721 6.213951
25.600466 6.174469
25.661760 6.129456
25.722549 6.078911
25.782782 6.023216
25.842409 5.962753
25.901384 5.897522
25.959665 5.828094
26.017210 5.754471
26.073980 5.677032
26.129942 5.596161
26.185064 5.512238
26.239319 5.425453
26.292679 5.335999
26.345121 5.244255
26.396627 5.150604
26.447180 5.055237
26.496765 4.958534
26.545372 4.860687
26.592991 4.761887
26.639616 4.662514
26.685244 4.562759
26.729872 4.462814
26.773500 4.362869
26.816132 4.263115
26.857769 4.163742
26.898418 4.064941
26.938087 3.966904
26.976784 3.869629
27.014517 3.773308
27.051298 3.678131
27.087139 3.584099
27.122053 3.491402
27.156054 3.400040
27.189154 3.310013
27.221369 3.221512
27.252714 3.134537
27.283207 3.049278
27.312862 2.965546
27.341698 2.883530
27.369730 2.803230
27.396976 2.724648
27.423454 2.647781
27.449181 2.572632
27.474173 2.499199
27.498447 2.427483
27.522022 2.357483
27.544914 2.289200
27.567141 2.222633
27.588717 2.157593
27.609659 2.094269
27.629986 2.032661
27.649712 1.972580
27.668852 1.914024
27.687424 1.857185
27.705442 1.801872
27.722923 1.748085
27.739880 1.695633
27.756327 1.644707
27.772278 1.595116
27.787748 1.547050
27.802752 1.500320
27.817301 1.454926
27.831409 1.410866
27.845089 1.367950
27.858353 1.326370
27.871212 1.285934
27.883678 1.246643
27.895763 1.208496
27.907478 1.171494
27.918835 1.135635
27.929844 1.100922
27.940516 1.067162
27.950859 1.034355
27.960884 1.002502
27.970600 0.971603
27.980017 0.941658
27.989143 0.912666
27.997988 0.884438
28.006559 0.857162
28.014866 0.830650
28.022915 0.804901
28.030716 0.780106
28.038277 0.756073
28.045603 0.732613
28.052702 0.709915
28.059582 0.687981
28.066248 0.666618
28.072708 0.646019
28.078968 0.625992
28.085033 0.606537
28.090910 0.587654
28.096603 0.569344
28.102119 0.551605
28.107464 0.534439
28.112642 0.517845
28.117661 0.501823
28.122522 0.486183
28.127234 0.471115
28.131798 0.456429
28.136221 0.442314
28.140507 0.428581
28.144659 0.415230
28.148682 0.402260
28.152578 0.389671
28.156353 0.377464
28.160009 0.365639
28.163551 0.354195
28.166983 0.343132
28.170307 0.332451
28.173529 0.322151
28.176649 0.312042
28.179672 0.302315
28.182600 0.292778
28.185436 0.283623
28.188183 0.274658
28.190844 0.266075
28.193420 0.257683
28.195917 0.249672
28.198336 0.241852
28.200678 0.234222
28.202946 0.226784
28.205143 0.219727
28.207272 0.212860
28.209333 0.206184
28.211330 0.199699
28.213264 0.193405
28.215137 0.187302
28.216951 0.181389
28.218708 0.175667
28.220409 0.170135
28.222057 0.164795
28.223654 0.159645
28.225199 0.154495
28.226694 0.149536
28.228142 0.144768
28.229544 0.140190
28.230902 0.135803
28.232216 0.131416
28.233488 0.127220
28.234720 0.123215
28.235912 0.119209
28.237066 0.115395
28.238182 0.111580
28.239262 0.107956
28.240307 0.104523
28.241318 0.101089
28.242296 0.097847
28.243242 0.094604
28.244158 0.091553
28.245043 0.088501
28.245899 0.085640
28.246727 0.082779
28.247528 0.080109
28.248302 0.077438
28.249050 0.074768
28.249773 0.072289
28.250471 0.069809
28.251144 0.067329
28.251795 0.065041
28.252422 0.062752
28.253029 0.060654
28.253614 0.058556
28.254179 0.056458
28.254723 0.054359
28.255247 0.052452
28.255753 0.050545
28.256239 0.048637
28.256708 0.046921
28.257160 0.045204
28.257595 0.043488
28.258013 0.041771
28.258413 0.040054
28.258799 0.038528
28.259169 0.037003
28.259523 0.035477
28.259863 0.033951
28.260187 0.032425
28.260498 0.031090
28.260796 0.029755
28.261080 0.028419
28.261351 0.027084
28.261608 0.025749
28.261852 0.024414
28.262083 0.023079
28.262302 0.021935
28.262510 0.020790
28.262707 0.019646
28.262892 0.018501
28.263065 0.017357
28.263227 0.016212
28.263378 0.015068
28.263517 0.013924
28.263645 0.012779
28.263762 0.011635
28.263866 0.010490
28.263962 0.009537
28.264048 0.008583
28.264124 0.007629
28.264191 0.006676
28.264248 0.005722
28.264296 0.004768
28.264334 0.003815
28.264362 0.002861
28.264381 0.001907
28.264391 0.000954
28.264391 0.000000
28.264381 -0.000954
28.264362 -0.001907
28.264334 -0.002861
28.264296 -0.003815
28.264248 -0.004768
28.264191 -0.005722
28.264124 -0.006676
28.264048 -0.007629
28.263962 -0.008583
28.263866 -0.009537
28.263762 -0.010490
28.263645 -0.011635
28.263517 -0.012779
28.263378 -0.013924
28.263227 -0.015068
28.263065 -0.016212
28.262892 -0.017357
28.262707 -0.018501
28.262510 -0.019646
28.262302 -0.020790
28.262083 -0.021935
28.261852 -0.023079
28.261608 -0.024414
28.261351 -0.025749
28.261080 -0.027084
28.260796 -0.028419
28.260498 -0.029755
28.260187 -0.031090
28.259863 -0.032425
28.259523 -0.033951
28.259169 -0.035477
28.258799 -0.037003
28.258413 -0.038528
28.258013 -0.040054
28.257595 -0.041771
28.257160 -0.043488
28.256708 -0.045204
28.256239 -0.046921
28.255753 -0.048637
28.255247 -0.050545
28.254723 -0.052452
28.254179 -0.054359
28.253614 -0.056458
28.253029 -0.058556
28.252422 -0.060654
28.251795 -0.062752
28.251144 -0.065041
28.250471 -0.067329
28.249773 -0.069809
28.249050 -0.072289
28.248302 -0.074768
28.247528 -0.077438
28.246727 -0.080109
28.245899 -0.082779
28.245043 -0.085640
28.244158 -0.088501
28.243242 -0.091553
28.242296 -0.094604
28.241318 -0.097847
28.240307 -0.101089
28.239262 -0.104523
28.238182 -0.107956
28.237066 -0.111580
28.235912 -0.115395
28.234720 -0.119209
28.233488 -0.123215
28.232216 -0.127220
28.230902 -0.131416
28.229544 -0.135803
28.228142 -0.140190
28.226694 -0.144768
28.225199 -0.149536
28.223654 -0.154495
28.222057 -0.159645
28.220409 -0.164795
28.218708 -0.170135
28.216951 -0.175667
28.215137 -0.181389
28.213264 -0.187302
28.211330 -0.193405
28.209333 -0.199699
28.207272 -0.206184
28.205143 -0.212860
28.202946 -0.219727
28.200678 -0.226784
28.198336 -0.234222
28.195917 -0.241852
28.193420 -0.249672
28.190844 -0.257683
28.188183 -0.266075
28.185436 -0.274658
28.182600 -0.283623
28.179672 -0.292778
28.176649 -0.302315
28.173529 -0.312042
28.170307 -0.322151
28.166983 -0.332451
28.163551 -0.343132
28.160009 -0.354195
28.156353 -0.365639
28.152578 -0.377464
28.148682 -0.389671
28.144659 -0.402260
28.140507 -0.415230
28.136221 -0.428581
28.131798 -0.442314
28.127234 -0.456429
28.122522 -0.471115
28.117661 -0.486183
28.112642 -0.501823
28.107464 -0.517845
28.102119 -0.534439
28.096603 -0.551605
28.090910 -0.569344
28.085033 -0.587654
28.078968 -0.606537
28.072708 -0.625992
28.066248 -0.646019
28.059582 -0.666618
28.052702 -0.687981
28.045603 -0.709915
28.038277 -0.732613
28.030716 -0.756073
28.022915 -0.780106
28.014866 -0.804901
28.006559 -0.830650
27.997988 -0.857162
27.989143 -0.884438
27.980017 -0.912666
27.970600 -0.941658
27.960884 -0.971603
27.950859 -1.002502
27.940516 -1.034355
27.929844 -1.067162
27.918835 -1.100922
27.907478 -1.135635
27.895763 -1.171494
27.883678 -1.208496
27.871212 -1.246643
27.858353 -1.285934
27.845089 -1.326370
27.831409 -1.367950
27.817301 -1.410866
27.802752 -1.454926
27.787748 -1.500320
27.772278 -1.547050
27.756327 -1.595116
27.739880 -1.644707
27.722923 -1.695633
27.705442 -1.748085
27.687424 -1.801872
27.668852 -1.857185
27.649712 -1.914024
27.629986 -1.972580
27.609659 -2.032661
27.588717 -2.094269
27.567141 -2.157593
27.544914 -2.222633
27.522022 -2.289200
27.498447 -2.357483
27.474173 -2.427483
27.449181 -2.499199
27.423454 -2.572632
27.396976 -2.647781
27.369730 -2.724648
27.341698 -2.803230
27.312862 -2.883530
27.283207 -2.965546
27.252714 -3.049278
27.221369 -3.134537
27.189154 -3.221512
27.156054 -3.310013
27.122053 -3.400040
27.087139 -3.491402
